ts,xs
2,-10.1234
3,-9.8916
4,-9.5935
5,-9.2741
6,-8.9534
7,-8.6452
8,-8.3546
9,-8.0855
10,-7.8233
11,-7.5563
12,-7.2987
13,-7.0517
14,-6.8117
15,-6.5878
16,-6.3887
17,-6.1885
18,-5.9939
19,-5.8171
20,-5.6437
21,-5.4851
22,-5.3364
23,-5.1956
24,-5.047
25,-4.891
26,-4.743
27,-4.5979
28,-4.4567
29,-4.3166
30,-4.1986
31,-4.0948
32,-3.9959
33,-3.9104
34,-3.8352
35,-3.7106
36,-3.5928
37,-3.4989
38,-3.4121
39,-3.3463
40,-3.2825
41,-3.2188
42,-3.1603
43,-3.0971
44,-2.9886
45,-2.8562
46,-2.8147
47,-2.7746
48,-2.7304
49,-2.6846
50,-2.6417
51,-2.5985
52,-2.5559
53,-2.5143
54,-2.4723
55,-2.432
56,-2.3977
57,-2.3683
58,-2.3372
59,-2.3045
60,-2.2714
61,-2.2432
62,-2.2148
63,-2.1847
64,-2.1563
65,-2.1283
66,-2.101
67,-2.0762
68,-2.0503
69,-2.0243
70,-2.0055
71,-1.9873
72,-1.977
73,-1.9604
74,-1.9569
75,-1.9026
76,-1.8772
77,-1.8545
78,-1.834
79,-1.7958
80,-1.7696
81,-1.7315
82,-1.707
83,-1.687
84,-1.6686
85,-1.6475
86,-1.6333
87,-1.6186
88,-1.5997
89,-1.5762
90,-1.5456
91,-1.515
92,-1.4936
93,-1.4403
94,-1.4082
95,-1.3481
96,-1.3086
97,-1.2598
98,-1.1598
99,-0.0938
100,1.9989
101,3.1901
102,3.2741
103,1.7065
104,-0.0851
105,-0.6037
106,-0.7461
107,-0.6804
108,-0.8396
109,-1.018
110,-0.909
111,-0.869
112,-0.2514
113,-0.2562
114,4.2461
115,7.2057
116,6.1079
117,2.0887
118,5.1563
119,6.3695
120,6.4639
121,1.3603
122,2.3917
123,4.9375
124,6.3013
125,6.6309
126,7.6901
127,9.7927
128,10.0715
129,9.62
130,11.1109
131,13.1187
132,9.1864
133,6.8177
134,7.9836
135,8.701
136,9.2178
137,9.8561
138,10.4451
139,13.8554
140,14.5637
141,13.2408
142,13.8239
143,12.6445
144,9.4643
145,10.0936
146,9.74
147,8.492
148,10.7792
149,12.2392
150,12.3503
151,14.1999
152,10.9797
153,11.3453
154,16.5538
155,14.4718
156,14.2737
157,19.4023
158,18.4396
159,13.1079
160,12.4693
161,12.1533
162,12.7461
163,13.0811
164,13.6646
165,16.8585
166,13.2776
167,14.209
168,15.1481
169,14.9381
170,14.4747
171,13.9291
172,13.6426
173,13.3455
174,12.3085
175,14.545
176,16.3705
177,16.0099
178,14.5208
179,16.2075
180,17.695
181,21.2364
182,22.6341
183,19.4821
184,18.5204
185,21.0758
186,19.8234
187,18.2373
188,20.2877
189,19.4337
190,20.1346
191,20.877
192,19.1392
193,15.7869
194,15.0603
195,15.4285
196,19.6289
197,22.2221
198,22.7302
199,24.0452
200,19.0472
201,25.2902
202,22.1775
203,21.4738
204,16.5682
205,18.2993
206,19.9549
207,18.1646
208,19.1688
209,19.8873
210,19.4261
211,19.8341
212,19.2131
213,19.7955
214,22.5813
215,19.9635
216,21.4743
217,20.8299
218,18.8169
219,18.152
220,18.4368
221,16.1312
222,15.686
223,18.2513
224,18.4266
225,18.5252
226,18.5967
227,19.2655
228,19.6752
229,17.854
230,18.8087
231,18.0048
232,14.741
233,14.7147
234,17.9624
235,20.0777
236,19.1078
237,17.3794
238,18.725
239,15.4402
240,14.7189
241,17.1447
242,17.9872
243,17.4895
244,15.7881
245,17.4563
246,14.3559
247,13.1862
248,10.6638
249,12.6898
250,14.5781
251,16.4654
252,17.0584
253,16.7568
254,17.1748
255,16.0365
256,11.1182
257,6.2892
258,3.8722
259,6.007
260,7.581
261,10.9086
262,10.4719
263,10.5105
264,12.0479
265,7.9637
266,7.0927
267,6.3055
268,6.8505
269,8.9883
270,10.7685
271,11.9715
272,12.1892
273,7.4234
274,6.3736
275,9.6319
276,11.1036
277,11.8996
278,14.9495
279,14.4922
280,18.356
281,15.3504
282,11.935
283,13.3275
284,13.2395
285,11.2947
286,10.4876
287,8.1754
288,6.8287
289,6.6586
290,6.6713
291,4.3872
292,3.8566
293,2.5864
294,3.6573
295,4.7543
296,4.8486
297,2.902
298,4.0394
299,4.5961
300,2.4058
301,2.587
302,1.7489
303,4.1653
304,3.6734
305,4.7287
306,1.902
307,0.4793
308,2.4895
309,6.4998
310,6.454
311,2.248
312,-0.6301
313,-0.3173
314,-0.0819
315,0.5288
316,2.1097
317,1.2488
318,0.4765
319,0.1853
320,-2.8028
321,-4.3557
322,-2.3793
323,-4.3955
324,-8.5455
325,-5.3362
326,-0.9997
327,-0.2645
328,-0.3292
329,-0.4848
330,0.4416
331,-1.6941
332,-1.0789
333,-1.6039
334,-2.6442
335,-2.505
336,-3.7182
337,-2.0759
338,-2.6763
339,-4.0044
340,-5.8104
341,-2.9634
342,-3.5806
343,-5.4373
344,-4.704
345,-3.2643
346,-2.3639
347,-1.7652
348,-1.1021
349,-1.2995
350,-2.7996
351,-3.5205
352,-2.876
353,-2.0143
354,-2.2887
355,-1.8746
356,-2.214
357,-2.3908
358,-2.2729
359,-1.663
360,-1.5045
361,-1.5493
362,-2.7052
363,-2.4169
364,-2.6658
365,-2.6393
366,-2.0955
367,-2.8278
368,-3.7402
369,-3.2055
370,-2.633
371,-1.605
372,-1.5249
373,-1.7557
374,-1.4693
375,-1.4928
376,-1.4708
377,-2.3363
378,-2.9686
379,-3.3863
380,-3.0289
381,-2.6648
382,-2.9614
383,-3.5493
384,-4.075
385,-4.5312
386,-4.6862
387,-3.9887
388,-3.3773
389,-3.0574
390,-2.8087
391,-2.2997
392,-2.2988
393,-2.365
394,-2.6436
395,-2.8089
396,-2.4454
397,-2.0694
398,-1.7035
399,-1.509
400,-1.4882
401,-1.4512
402,-1.4589
403,-1.5353
404,-1.6788
405,-1.7123
406,-1.7982
407,-1.947
408,-2.0467
409,-2.1319
410,-2.0657
411,-1.9917
412,-1.8682
413,-1.7926
414,-1.7986
415,-1.8265
416,-1.7535
417,-1.6635
418,-1.6147
419,-1.594
420,-1.5885
421,-1.6194
422,-1.6186
423,-1.6179
424,-1.6199
425,-1.5676
426,-1.5183
427,-1.4703
428,-1.4451
429,-1.4516
430,-1.4692
431,-1.4497
432,-1.417
433,-1.406
434,-1.4108
435,-1.3941
436,-1.3612
437,-1.3136
438,-1.275
439,-1.2203
440,-1.0256
441,-0.4972
442,5.7293
443,9.9377
444,12.3021
445,7.4584
446,5.8126
447,6.3784
448,8.7521
449,7.7436
450,2.4838
451,1.1936
452,5.4728
453,2.7222
454,0.3335
455,0.01
456,0.0
457,0.0
458,5.7683
459,6.035
460,3.6365
461,4.5232
462,5.4635
463,4.3906
464,4.2989
465,0.0601
466,-0.3262
467,2.3439
468,4.3923
469,4.9669
470,9.0219
471,5.3765
472,0.1692
473,3.1577
474,3.7433
475,2.4673
476,3.8309
477,1.5657
478,1.8995
479,6.0747
480,8.828
481,8.3177
482,5.4561
483,4.8174
484,6.4719
485,8.0054
486,8.4492
487,9.2713
488,13.0013
489,12.5024
490,9.2311
491,9.4277
492,8.9631
493,10.4557
494,9.4407
495,8.7378
496,11.2159
497,9.5002
498,9.2194
499,12.325
500,14.1996
501,11.1693
502,9.7568
503,13.4653
504,18.5569
505,17.7353
506,10.2516
507,12.2807
508,14.5637
509,14.4855
510,12.6865
511,12.2315
512,10.16
513,12.1414
514,15.4903
515,10.6881
516,8.603
517,10.8371
518,11.746
519,13.2749
520,14.0578
521,17.242
522,16.6781
523,15.9066
524,18.5903
525,19.903
526,20.2257
527,20.4121
528,15.2161
529,12.6114
530,14.7965
531,14.0771
532,18.2472
533,16.4058
534,17.181
535,18.9863
536,14.382
537,16.792
538,15.6592
539,16.2774
540,15.3329
541,17.6772
542,15.9863
543,17.638
544,20.7853
545,19.1807
546,18.8087
547,18.0372
548,20.5154
549,22.6388
550,22.6093
551,20.541
552,21.5315
553,16.2255
554,18.8928
555,19.7079
556,18.1141
557,18.8997
558,20.6137
559,20.4566
560,20.4067
561,21.3813
562,19.8847
563,23.5772
564,20.9908
565,19.1459
566,19.4336
567,22.7162
568,21.0275
569,21.386
570,20.3711
571,19.5935
572,19.831
573,18.8121
574,19.0473
575,18.8927
576,21.1618
577,20.6126
578,19.2782
579,21.1386
580,19.999
581,18.3953
582,18.4419
583,16.5376
584,19.4636
585,17.401
586,17.9828
587,16.3106
588,15.1047
589,16.0149
590,16.347
591,17.4324
592,15.1796
593,16.6754
594,14.5457
595,12.9692
596,13.7775
597,12.9463
598,13.6029
599,15.2121
600,18.247
601,19.4176
602,20.4527
603,19.608
604,18.135
605,16.4062
606,16.8796
607,19.4682
608,19.2775
609,15.6341
610,15.5281
611,18.8988
612,18.8998
613,18.0259
614,15.46
615,13.0785
616,12.833
617,11.1789
618,12.4186
619,14.1899
620,16.7652
621,14.4035
622,11.7501
623,9.0072
624,10.8624
625,12.4317
626,8.5629
627,6.142
628,10.3374
629,9.9198
630,6.4596
631,6.1013
632,4.1699
633,9.5103
634,4.9717
635,5.0054
636,6.115
637,8.9507
638,9.9663
639,10.6061
640,11.0709
641,7.7158
642,10.0918
643,6.9443
644,2.4414
645,2.4395
646,3.113
647,4.3039
648,3.2686
649,3.1024
650,2.1272
651,1.5304
652,5.2324
653,4.5115
654,5.3496
655,10.5673
656,8.2023
657,7.7814
658,7.656
659,5.1789
660,8.5592
661,9.1757
662,8.2808
663,8.1957
664,2.714
665,1.6465
666,0.6408
667,-0.352
668,2.1922
669,0.6886
670,0.0295
671,1.6111
672,0.027
673,0.339
674,-1.8874
675,0.0428
676,1.9299
677,2.3191
678,3.5364
679,1.6864
680,2.7651
681,1.2666
682,-2.9349
683,-1.8429
684,-0.1511
685,-1.1811
686,-2.6093
687,2.1621
688,4.0893
689,3.4788
690,0.1941
691,1.5458
692,0.055
693,-4.5847
694,-6.9161
695,-4.8734
696,-7.8192
697,-3.9925
698,-4.8055
699,-4.4849
700,-2.8823
701,-0.4548
702,0.0286
703,2.3018
704,-5.8166
705,-5.1167
706,-1.9353
707,-5.643
708,-4.646
709,-4.785
710,-9.0275
711,-6.997
712,-5.4191
713,-5.2233
714,-4.6301
715,-0.8003
716,-2.1304
717,-3.307
718,-3.2449
719,-2.2945
720,-3.1898
721,-5.4819
722,-5.8445
723,-4.9382
724,-6.0821
725,-7.4559
726,-7.4067
727,-7.2902
728,-6.3603
729,-5.3979
730,-5.1963
731,-4.68
732,-5.4396
733,-5.7972
734,-5.6057
735,-4.3316
736,-4.7966
737,-4.2009
738,-3.4847
739,-2.9126
740,-2.2911
741,-1.9095
742,-1.1572
743,-1.2535
744,-1.8147
745,-2.2759
746,-2.5913
747,-2.7751
748,-3.0129
749,-3.1477
750,-2.9868
751,-3.2009
752,-3.6104
753,-4.0692
754,-4.2363
755,-4.4695
756,-4.3266
757,-4.3071
758,-4.0401
759,-3.4568
760,-2.9431
761,-2.7926
762,-2.9604
763,-3.4128
764,-3.7216
765,-3.7458
766,-4.0026
767,-3.8646
768,-3.6622
769,-3.3716
770,-3.2407
771,-2.9641
772,-2.6366
773,-2.4138
774,-2.4072
775,-2.3346
776,-2.293
777,-2.4604
778,-2.6368
779,-2.8
780,-2.5921
781,-2.7307
782,-3.002
783,-3.1983
784,-3.0207
785,-2.7772
786,-2.7032
787,-2.5972
788,-2.5627
789,-2.399
790,-2.2606
791,-2.2563
792,-2.2618
793,-2.2309
794,-2.1707
795,-2.067
796,-2.0352
797,-2.052
798,-1.9791
799,-1.8882
800,-1.8422
801,-1.81
802,-1.7822
803,-1.7624
804,-1.7374
805,-1.7119
806,-1.695
807,-1.6832
808,-1.6659
809,-1.6499
810,-1.636
811,-1.6237
812,-1.6105
813,-1.5954
814,-1.5775
815,-1.561
816,-1.545
817,-1.5286
818,-1.5137
819,-1.5342
820,-1.492
821,-1.4569
822,-1.4441
823,-1.4341
824,-1.4254
825,-1.3917
826,-1.3724
827,-1.3462
828,-1.3208
829,-1.3
830,-1.2845
831,-1.2707
832,-1.2559
833,-1.246
834,-1.2378
835,-1.2324
836,-1.2231
837,-1.2132
838,-1.204
839,-1.196
840,-1.1897
841,-1.1861
842,-1.1824
843,-1.1785
844,-1.175
845,-1.1717
846,-1.1683
847,-1.1644
848,-1.1565
849,-1.0781
850,0.8085
851,5.4441
852,0.1474
853,-0.5769
854,0.3452
855,0.0782
856,1.8261
857,4.9797
858,6.1013
859,6.9568
860,5.2963
861,4.4991
862,2.0283
863,2.5073
864,4.164
865,9.6892
866,10.8941
867,10.1319
868,10.8334
869,9.8633
870,12.2751
871,10.11
872,7.3581
873,10.6197
874,9.0911
875,9.1726
876,10.2848
877,11.4574
878,10.8528
879,12.1067
880,14.792
881,16.0078
882,16.1642
883,10.4459
884,9.5602
885,9.625
886,10.2128
887,8.8461
888,9.1505
889,10.4671
890,11.9656
891,10.6479
892,13.7405
893,15.9314
894,14.082
895,14.9782
896,14.2176
897,15.7397
898,15.6705
899,12.7485
900,12.8711
901,15.3565
902,15.1056
903,18.4422
904,16.5986
905,17.3
906,18.385
907,19.6728
908,19.3465
909,19.0772
910,17.8644
911,17.3376
912,16.8905
913,17.6573
914,17.1753
915,17.8008
916,19.2884
917,21.3497
918,19.0904
919,20.681
920,21.0441
921,18.1749
922,16.9126
923,18.2482
924,21.906
925,22.4302
926,19.0878
927,19.7479
928,22.6526
929,22.6021
930,24.0435
931,21.385
932,16.4433
933,16.896
934,18.6474
935,16.3821
936,16.9241
937,16.8487
938,13.2147
939,11.9029
940,14.2757
941,15.2879
942,16.6668
943,16.7926
944,16.7132
945,15.4999
946,14.138
947,13.9712
948,15.7345
949,15.0931
950,15.199
951,15.2098
952,13.1868
953,15.4019
954,15.321
955,14.552
956,12.7995
957,14.1384
958,14.8808
959,16.3635
960,17.1165
961,18.9828
962,21.5295
963,22.2009
964,21.198
965,16.7699
966,16.565
967,22.2049
968,25.5366
969,23.603
970,22.7369
971,22.3455
972,19.3078
973,20.8649
974,19.7941
975,16.5927
976,13.8984
977,15.2065
978,15.6698
979,13.9635
980,19.4737
981,19.5708
982,14.3824
983,16.7042
984,18.0144
985,15.8965
986,12.6361
987,12.0981
988,13.4568
989,11.3992
990,9.3327
991,11.6799
992,15.1366
993,17.7358
994,12.8319
995,9.9171
996,10.2665
997,14.5341
998,13.4814
999,12.6428
1000,15.5152
1001,17.4969
1002,14.5262
1003,11.9146
1004,15.3807
1005,13.3152
1006,9.5477
1007,10.0089
1008,10.9057
1009,9.1482
1010,7.8597
1011,7.0816
1012,10.7399
1013,11.3356
1014,12.895
1015,14.2903
1016,10.5506
1017,6.8868
1018,6.3943
1019,7.0215
1020,5.842
1021,5.7786
1022,3.6928
1023,3.3021
1024,2.0489
1025,0.4274
1026,0.0
1027,0.0
1028,0.0
1029,0.721
1030,0.0209
1031,0.0727
1032,-0.1327
1033,-0.5866
1034,0.1497
1035,0.0
1036,0.0
1037,-0.091
1038,-0.3154
1039,0.0037
1040,-0.0192
1041,-0.3025
1042,-1.1441
1043,-1.9755
1044,-0.1468
1045,-0.0202
1046,-0.9684
1047,-1.6312
1048,-1.3069
1049,-0.4647
1050,0.0259
1051,0.0
1052,0.0076
1053,-0.1475
1054,-0.4508
1055,0.0351
1056,-0.0844
1057,-0.8749
1058,-1.8732
1059,-2.6911
1060,-1.8088
1061,-1.7756
1062,-2.3604
1063,-2.6257
1064,-3.1766
1065,-2.753
1066,-2.3011
1067,-2.1786
1068,-1.7521
1069,-1.6997
1070,-2.0668
1071,-3.0615
1072,-4.1998
1073,-5.0541
1074,-5.0513
1075,-5.2958
1076,-5.5013
1077,-5.3563
1078,-5.0235
1079,-4.8702
1080,-4.9979
1081,-4.9986
1082,-4.4744
1083,-4.338
1084,-4.0262
1085,-4.1902
1086,-4.135
1087,-3.9004
1088,-4.2335
1089,-4.9585
1090,-4.5381
1091,-4.4329
1092,-4.0039
1093,-3.1018
1094,-3.2574
1095,-3.9533
1096,-4.5031
1097,-4.8871
1098,-5.2029
1099,-5.1071
1100,-4.543
1101,-4.7153
1102,-5.0548
1103,-5.1982
1104,-5.2338
1105,-5.0578
1106,-4.3278
1107,-3.5882
1108,-3.0254
1109,-2.6448
1110,-2.7004
1111,-2.8796
1112,-2.8179
1113,-2.9587
1114,-3.0343
1115,-2.7734
1116,-2.8044
1117,-3.2595
1118,-3.4548
1119,-3.7694
1120,-3.6721
1121,-3.5119
1122,-3.5807
1123,-3.8286
1124,-4.1235
1125,-4.1779
1126,-3.9034
1127,-4.0678
1128,-4.0187
1129,-4.0913
1130,-4.1015
1131,-4.1414
1132,-4.1801
1133,-4.1963
1134,-4.1146
1135,-4.1573
1136,-4.1193
1137,-4.212
1138,-4.3905
1139,-4.2828
1140,-3.9876
1141,-3.8933
1142,-3.8791
1143,-3.8611
1144,-3.6201
1145,-3.3174
1146,-2.8455
1147,-2.6816
1148,-2.5937
1149,-2.5381
1150,-2.4866
1151,-2.4406
1152,-2.411
1153,-2.3863
1154,-2.3695
1155,-2.3548
1156,-2.3337
1157,-2.3338
1158,-2.3275
1159,-2.2982
1160,-2.2701
1161,-2.2163
1162,-2.15
1163,-2.1022
1164,-2.0492
1165,-1.9902
1166,-1.9444
1167,-1.9127
1168,-1.8806
1169,-1.8403
1170,-1.8135
1171,-1.7969
1172,-1.7708
1173,-1.7414
1174,-1.713
1175,-1.6876
1176,-1.6599
1177,-1.6432
1178,-1.6338
1179,-1.6245
1180,-1.6113
1181,-1.6009
1182,-1.5824
1183,-1.5649
1184,-1.5483
1185,-1.5271
1186,-1.5047
1187,-1.4893
1188,-1.4783
1189,-1.4654
1190,-1.4543
1191,-1.4436
1192,-1.4321
1193,-1.4205
1194,-1.4092
1195,-1.3984
1196,-1.3765
1197,-1.3515
1198,-1.3257
1199,-1.3043
1200,-1.2926
1201,-1.289
1202,-1.2822
1203,-1.27
1204,-1.2574
1205,-1.2362
1206,-1.2139
1207,-1.1262
1208,-1.0287
1209,-0.9577
1210,-0.8786
1211,-0.8502
1212,-0.8235
1213,-0.7764
1214,-0.7196
1215,-0.0642
1216,0.0
1217,-0.0087
1218,-0.1598
1219,-0.0003
1220,-0.073
1221,0.0
1222,-0.0576
1223,7.3663
1224,6.5457
1225,4.8992
1226,8.291
1227,12.6263
1228,7.0721
1229,6.6641
1230,4.1487
1231,4.2417
1232,5.1557
1233,7.5196
1234,9.9808
1235,9.7135
1236,13.9417
1237,10.331
1238,11.5716
1239,12.6183
1240,16.2169
1241,16.8517
1242,17.8073
1243,16.765
1244,15.3937
1245,16.1746
1246,18.2059
1247,17.9055
1248,18.5067
1249,16.7099
1250,15.5716
1251,15.77
1252,14.0492
1253,17.1245
1254,14.0301
1255,12.9131
1256,14.101
1257,15.6668
1258,14.686
1259,10.8758
1260,12.6311
1261,12.316
1262,12.5393
1263,16.2911
1264,18.604
1265,18.9103
1266,15.783
1267,18.4804
1268,18.2593
1269,19.3478
1270,18.8524
1271,16.2782
1272,14.4554
1273,16.4124
1274,18.666
1275,21.124
1276,20.1374
1277,19.9812
1278,15.6831
1279,15.5868
1280,15.612
1281,16.0502
1282,21.1333
1283,20.6507
1284,19.2837
1285,16.3265
1286,15.7551
1287,17.8577
1288,19.9949
1289,17.7656
1290,15.2817
1291,13.5036
1292,15.1921
1293,14.9946
1294,16.3944
1295,18.0853
1296,19.5754
1297,20.6524
1298,23.863
1299,20.2508
1300,16.8725
1301,17.0915
1302,18.4611
1303,19.2378
1304,16.4379
1305,17.0684
1306,16.9651
1307,17.2876
1308,17.9112
1309,17.9157
1310,18.0614
1311,17.1704
1312,15.7304
1313,16.9929
1314,18.2903
1315,16.8962
1316,18.4934
1317,18.6568
1318,18.7573
1319,17.7292
1320,16.5514
1321,16.6314
1322,15.6739
1323,19.7024
1324,20.1676
1325,16.0586
1326,16.6771
1327,17.7508
1328,16.5963
1329,17.8083
1330,19.3148
1331,19.3538
1332,19.5366
1333,15.3487
1334,13.787
1335,13.7992
1336,14.8998
1337,16.4766
1338,16.0873
1339,17.0447
1340,16.4182
1341,14.8213
1342,16.4784
1343,17.8634
1344,14.517
1345,13.85
1346,15.8824
1347,17.1345
1348,13.3957
1349,8.7482
1350,7.6004
1351,6.5073
1352,7.9396
1353,9.6254
1354,8.5119
1355,10.9308
1356,11.0233
1357,10.9415
1358,13.6281
1359,14.0052
1360,11.6047
1361,11.0453
1362,11.8867
1363,14.738
1364,14.7357
1365,14.9969
1366,16.2434
1367,14.3777
1368,10.1354
1369,9.4931
1370,10.2046
1371,10.7227
1372,6.2937
1373,5.7513
1374,6.0143
1375,5.9066
1376,4.8351
1377,5.3303
1378,4.389
1379,3.2675
1380,4.9256
1381,8.8172
1382,7.4822
1383,6.6826
1384,5.9303
1385,8.829
1386,8.4521
1387,5.2265
1388,8.2027
1389,6.4558
1390,5.9225
1391,8.4794
1392,9.2427
1393,10.3121
1394,8.4198
1395,6.4193
1396,7.1628
1397,5.1149
1398,3.9203
1399,3.0044
1400,0.2615
1401,0.762
1402,3.1073
1403,4.1916
1404,3.4963
1405,1.5549
1406,1.9748
1407,2.0953
1408,1.0951
1409,-2.2725
1410,-3.0852
1411,-2.9875
1412,-2.778
1413,-4.4099
1414,-7.1532
1415,-7.4288
1416,-6.883
1417,-6.8566
1418,-6.2892
1419,-5.0509
1420,-8.0501
1421,-4.1679
1422,-0.6475
1423,0.0789
1424,-3.7502
1425,-5.7562
1426,-6.2802
1427,-9.1771
1428,-5.1821
1429,-3.0733
1430,-6.581
1431,-7.7207
1432,-5.2223
1433,-5.1573
1434,-4.4345
1435,-2.5287
1436,-4.3713
1437,-1.6518
1438,-1.9354
1439,-3.561
1440,-2.6367
1441,-1.8666
1442,-1.1494
1443,-0.4032
1444,0.0
1445,-0.1187
1446,-1.7509
1447,-3.2059
1448,-4.3487
1449,-3.0703
1450,-2.0203
1451,-1.3923
1452,-0.7816
1453,-0.3502
1454,-0.0102
1455,-0.1663
1456,-0.7193
1457,-1.9159
1458,-3.5269
1459,-5.6507
1460,-6.4697
1461,-5.8852
